> gof.mod2g

Edge-wise shared partners

   obs  sim: mean median min max    Pr(>z)    
0    0 1.1626e+02    112  58 180 9.273e-07 ***
1    0 7.2030e+01     64   0 192  0.002366 ** 
2    0 4.3283e+01     46   0 116  0.067742 .  
3    0 3.6730e+01     40   4  78  0.121107    
4   28 3.0173e+01     34   0  74  0.926918    
5   42 2.3653e+01     26   0  70  0.438755    
6   52 2.0317e+01     20   0  68  0.181172    
7    0 2.0437e+01     18   0  68  0.388410    
8    0 2.8393e+01     29   0  78  0.230798    
9  108 3.7250e+01     36   0  96  0.002827 ** 
10   2 4.6130e+01     46   4 106  0.062540 .  
11   0 4.9627e+01     48   2 124  0.036222 *  
12   0 4.5577e+01     36   0 136  0.054417 .  
13   0 4.0347e+01     16   0 154  0.088609 .  
14   0 3.6907e+01      4   0 170  0.119328    
15   0 3.5587e+01      2   0 196  0.133125    
16   0 3.2933e+01      2   0 214  0.164556    
17   0 2.3657e+01      0   0 194  0.318085    
18   0 1.1677e+01      0   0 136  0.622155    
19   0 4.1267e+00      0   0  62  0.861739    
20   0 1.6833e+00      0   0  20  0.943364    
21   0 8.9333e-01      0   0  12  0.969925    
22   0 7.6333e-01      0   0   8  0.974300    
23   0 6.6333e-01      0   0  10  0.977666    
24   0 5.9667e-01      0   0   8  0.979910    
25   0 4.8667e-01      0   0   8  0.983613    
26 752 4.2667e-01      0   0   6 < 2.2e-16 ***
27   0 3.9333e-01      0   0   6  0.986756    
28   0 2.6000e-01      0   0   6  0.991245    
29   0 2.6333e-01      0   0   6  0.991133    
30   0 2.2000e-01      0   0   6  0.992592    
31   0 1.6667e-01      0   0   4  0.994388    
32   2 1.3667e-01      0   0   4  0.937319    
33   0 9.0000e-02      0   0   4  0.996969    
34   0 6.6667e-02      0   0   2  0.997755    
35   2 4.0000e-02      0   0   2  0.934075    
36   0 2.3333e-02      0   0   2  0.999214    
37   0 2.0000e-02      0   0   2  0.999327    
38   0 3.0000e-02      0   0   2  0.998990    
39   0 6.0000e-02      0   0   2  0.997980    
40   0 5.0000e-02      0   0   2  0.998316    
41   0 4.6667e-02      0   0   2  0.998429    
42   0 9.6667e-02      0   0   2  0.996745    
43   0 9.3333e-02      0   0   2  0.996857    
44   0 7.3333e-02      0   0   2  0.997531    
45   0 6.0000e-02      0   0   2  0.997980    
46   0 2.6667e-02      0   0   2  0.999102    
47   0 6.6667e-03      0   0   2  0.999776    
48   0 3.3333e-03      0   0   2  0.999888    
49   0 0.0000e+00      0   0   0  1.000000    

Note: Small p-values indicate a significant difference 
      between simulations and observed network(s).

Dyad-wise shared partners

     obs  sim: mean median   min   max  Pr(>z)  
0  27748 2.1989e+04  21586 11126 29206 0.07177 .
1    192 5.9037e+03   4311   224 17182 0.07414 .
2    828 6.8799e+02    698    10  1764 0.96509  
3      0 3.0953e+02    210    10   978 0.92291  
4     28 1.7422e+02    114     0   532 0.96354  
5     42 9.7347e+01     68     0   312 0.98619  
6     52 5.9277e+01     40     0   200 0.99818  
7      0 4.3200e+01     26     0   152 0.98922  
8      0 4.5160e+01     34     0   130 0.98873  
9    108 5.1887e+01     42     0   142 0.98600  
10     2 5.9217e+01     52     6   152 0.98573  
11     0 6.1370e+01     56     4   166 0.98469  
12     0 5.5227e+01     42     0   160 0.98622  
13     0 4.8507e+01     18     0   188 0.98790  
14     0 4.2793e+01      4     0   188 0.98933  
15     0 4.0050e+01      2     0   218 0.99001  
16     0 3.6243e+01      2     0   224 0.99096  
17     0 2.5833e+01      0     0   202 0.99356  
18     0 1.2953e+01      0     0   142 0.99677  
19     0 4.6167e+00      0     0    64 0.99885  
20     0 1.8833e+00      0     0    24 0.99953  
21     0 9.5000e-01      0     0    14 0.99976  
22     0 7.8333e-01      0     0    10 0.99980  
23     0 6.6667e-01      0     0    12 0.99983  
24     0 5.9667e-01      0     0     8 0.99985  
25     0 4.8667e-01      0     0     8 0.99988  
26   752 4.2667e-01      0     0     6 0.81423  
27     0 3.9333e-01      0     0     6 0.99990  
28     0 2.6000e-01      0     0     6 0.99994  
29     0 2.6333e-01      0     0     6 0.99993  
30     0 2.2000e-01      0     0     6 0.99995  
31     0 1.6667e-01      0     0     4 0.99996  
32     2 1.3667e-01      0     0     4 0.99954  
33     0 9.0000e-02      0     0     4 0.99998  
34     0 6.6667e-02      0     0     2 0.99998  
35     2 4.0000e-02      0     0     2 0.99951  
36     0 2.3333e-02      0     0     2 0.99999  
37     0 2.0000e-02      0     0     2 1.00000  
38     0 3.0000e-02      0     0     2 0.99999  
39     0 6.0000e-02      0     0     2 0.99999  
40     0 5.0000e-02      0     0     2 0.99999  
41     0 4.6667e-02      0     0     2 0.99999  
42     0 9.6667e-02      0     0     2 0.99998  
43     0 9.3333e-02      0     0     2 0.99998  
44     0 7.3333e-02      0     0     2 0.99998  
45     0 6.0000e-02      0     0     2 0.99999  
46     0 2.6667e-02      0     0     2 0.99999  
47     0 6.6667e-03      0     0     2 1.00000  
48     0 3.3333e-03      0     0     2 1.00000  
49     0 0.0000e+00      0     0     0 1.00000  

Note: Small p-values indicate a significant difference 
      between simulations and observed network(s).

Geodesic distances

      obs  sim: mean median  min   max  Pr(>z)  
1     988 7.6283e+02    650  336  1358 0.95653  
2    1020 7.1206e+03   7023  302 18098 0.13973  
3     748 3.2627e+03   4009  368  7508 0.54269  
4       0 6.7721e+02    646   88  2270 0.86978  
5       0 2.0724e+02    110    0  1178 0.95999  
6       0 1.0845e+02      6    0   782 0.97906  
7       0 6.0570e+01      0    0   520 0.98830  
8       0 3.2213e+01      0    0   370 0.99378  
9       0 1.6133e+01      0    0   328 0.99688  
10      0 7.6233e+00      0    0   264 0.99853  
11      0 3.2600e+00      0    0   228 0.99937  
12      0 1.3600e+00      0    0   202 0.99974  
13      0 7.7000e-01      0    0   282 0.99985  
14      0 4.3000e-01      0    0   208 0.99992  
15      0 2.3000e-01      0    0   120 0.99996  
16      0 8.6667e-02      0    0    48 0.99998  
17      0 2.3333e-02      0    0    12 1.00000  
18      0 3.3333e-03      0    0     2 1.00000  
19      0 0.0000e+00      0    0     0 1.00000  
Inf 27000 1.7494e+04  16406 4950 28480 0.02139 *

Note: Small p-values indicate a significant difference 
      between simulations and observed network(s).

Degree

    obs  sim: mean median min max    Pr(>z)    
0   120 54.9800000     51  15 103 < 2.2e-16 ***
1     0 44.6833333     42  22  77 9.708e-13 ***
2     0 18.7350000     16   3  42  0.002777 ** 
3     0  8.0866667      7   0  23  0.196635    
4     0  4.9100000      4   0  14  0.433052    
5     4  3.9850000      4   0  13  0.998089    
6     6  2.9416667      3   0  12  0.625321    
7     3  2.1550000      2   0  10  0.892674    
8     0  1.4533333      1   0   9  0.816496    
9     0  1.2533333      1   0   6  0.841387    
10    9  1.5416667      1   0   7  0.233704    
11    2  1.7266667      2   0   7  0.965189    
12    0  2.1200000      2   0   7  0.734986    
13    1  2.5733333      2   0   9  0.801649    
14    0  2.9533333      3   0   9  0.637242    
15    0  2.8000000      3   0  10  0.654820    
16    0  2.3500000      1   0  10  0.707494    
17    0  2.2250000      1   0  12  0.722391    
18    0  2.2166667      1   0  12  0.723388    
19    0  2.2666667      1   0  13  0.717413    
20    0  1.9716667      0   0  11  0.752901    
21    0  1.4050000      0   0  10  0.822496    
22    0  0.6800000      0   0   6  0.913539    
23    0  0.3566667      0   0   5  0.954586    
24    0  0.1833333      0   0   3  0.976647    
25    0  0.1200000      0   0   2  0.984713    
26    0  0.1083333      0   0   2  0.986199    
27   25  0.1000000      0   0   2 7.015e-05 ***
28    0  0.0700000      0   0   2  0.991082    
29    0  0.0800000      0   0   2  0.989808    
30    0  0.0916667      0   0   2  0.988322    
31    0  0.0733333      0   0   2  0.990658    
32    0  0.0666667      0   0   2  0.991507    
33    1  0.0833333      0   0   1  0.883634    
34    0  0.0916667      0   0   2  0.988322    
35    0  0.0850000      0   0   2  0.989171    
36    1  0.0850000      0   0   3  0.883844    
37    0  0.0500000      0   0   2  0.993630    
38    0  0.0600000      0   0   2  0.992356    
39    0  0.0716667      0   0   2  0.990870    
40    0  0.0516667      0   0   2  0.993418    
41    0  0.0566667      0   0   2  0.992781    
42    1  0.0533333      0   0   1  0.879854    
43    0  0.0300000      0   0   2  0.996178    
44    0  0.0100000      0   0   1  0.998726    
45    0  0.0016667      0   0   1  0.999788    
46    0  0.0050000      0   0   1  0.999363    
47    0  0.0016667      0   0   1  0.999788    
48    0  0.0033333      0   0   1  0.999575    
49    0  0.0000000      0   0   0  1.000000    
50    0  0.0033333      0   0   1  0.999575    
51    0  0.0066667      0   0   1  0.999151    
52    0  0.0066667      0   0   1  0.999151    
53    0  0.0150000      0   0   1  0.998089    
54    0  0.0266667      0   0   1  0.996603    
55    0  0.0366667      0   0   1  0.995329    
56    0  0.0350000      0   0   1  0.995541    
57    0  0.0366667      0   0   1  0.995329    
58    0  0.0466667      0   0   1  0.994055    
59    0  0.0316667      0   0   1  0.995966    
60    0  0.0266667      0   0   1  0.996603    
61    0  0.0283333      0   0   1  0.996390    
62    0  0.0216667      0   0   1  0.997240    
63    0  0.0150000      0   0   1  0.998089    
64    0  0.0150000      0   0   1  0.998089    
65    0  0.0083333      0   0   1  0.998938    
66    0  0.0116667      0   0   1  0.998514    
67    0  0.0166667      0   0   1  0.997877    
68    0  0.0233333      0   0   1  0.997027    
69    0  0.0216667      0   0   1  0.997240    
70    0  0.0183333      0   0   1  0.997664    
71    0  0.0233333      0   0   1  0.997027    
72    0  0.0350000      0   0   1  0.995541    
73    0  0.0250000      0   0   1  0.996815    
74    0  0.0216667      0   0   1  0.997240    
75    0  0.0216667      0   0   1  0.997240    
76    0  0.0066667      0   0   1  0.999151    
77    0  0.0150000      0   0   1  0.998089    
78    0  0.0216667      0   0   1  0.997240    
79    0  0.0216667      0   0   1  0.997240    
80    0  0.0166667      0   0   1  0.997877    
81    0  0.0066667      0   0   1  0.999151    
82    0  0.0000000      0   0   0  1.000000    
83    0  0.0033333      0   0   1  0.999575    
84    0  0.0000000      0   0   0  1.000000    
85    0  0.0016667      0   0   1  0.999788    
86    0  0.0000000      0   0   0  1.000000    
87    0  0.0016667      0   0   1  0.999788    
88    0  0.0033333      0   0   1  0.999575    
89    0  0.0000000      0   0   0  1.000000    
90    0  0.0016667      0   0   1  0.999788    
91    0  0.0016667      0   0   1  0.999788    
92    0  0.0033333      0   0   1  0.999575    
93    0  0.0000000      0   0   0  1.000000    
94    0  0.0016667      0   0   1  0.999788    
95    0  0.0000000      0   0   0  1.000000    
96    0  0.0000000      0   0   0  1.000000    
97    0  0.0000000      0   0   0  1.000000    
98    0  0.0033333      0   0   1  0.999575    
99    0  0.0000000      0   0   0  1.000000    
100   0  0.0016667      0   0   1  0.999788    
101   0  0.0033333      0   0   1  0.999575    
102   0  0.0016667      0   0   1  0.999788    
103   0  0.0000000      0   0   0  1.000000    
104   0  0.0016667      0   0   1  0.999788    
105   0  0.0000000      0   0   0  1.000000    
106   0  0.0000000      0   0   0  1.000000    
107   0  0.0050000      0   0   1  0.999363    
108   0  0.0050000      0   0   1  0.999363    
109   0  0.0050000      0   0   1  0.999363    
110   0  0.0016667      0   0   1  0.999788    
111   0  0.0033333      0   0   1  0.999575    
112   0  0.0083333      0   0   1  0.998938    
113   0  0.0100000      0   0   1  0.998726    
114   0  0.0183333      0   0   1  0.997664    
115   0  0.0116667      0   0   1  0.998514    
116   0  0.0183333      0   0   1  0.997664    
117   0  0.0216667      0   0   1  0.997240    
118   0  0.0183333      0   0   1  0.997664    
119   0  0.0216667      0   0   1  0.997240    
120   0  0.0250000      0   0   1  0.996815    
121   0  0.0116667      0   0   1  0.998514    
122   0  0.0300000      0   0   1  0.996178    
123   0  0.0133333      0   0   1  0.998301    
124   0  0.0166667      0   0   1  0.997877    
125   0  0.0116667      0   0   1  0.998514    
126   0  0.0100000      0   0   1  0.998726    
127   0  0.0033333      0   0   1  0.999575    
128   0  0.0016667      0   0   1  0.999788    
129   0  0.0050000      0   0   1  0.999363    
130   0  0.0066667      0   0   1  0.999151    
131   0  0.0050000      0   0   1  0.999363    
132   0  0.0050000      0   0   1  0.999363    
133   0  0.0050000      0   0   1  0.999363    
134   0  0.0000000      0   0   0  1.000000    
135   0  0.0016667      0   0   1  0.999788    
136   0  0.0000000      0   0   0  1.000000    

Note: Small p-values indicate a significant difference 
      between simulations and observed network(s).

Triad census

     obs sim: mean median    min    max Pr(>z)
0 771600  789934.2 800882 744799 820526 0.9621
1  71970   51981.1  39146  26744  93278 0.9587
2    924    5151.2   7078    309   9858 0.9913
3      0       0.0      0      0      0 1.0000

Note: Small p-values indicate a significant difference 
      between simulations and observed network(s).



  ROC model ROC random   PR model  PR random
1 0.8324727  0.4723882 0.09319117 0.03315624

Modularity (walktrap)

Observed:
   Min. 1st Qu.  Median    Mean 3rd Qu.    Max. 
 0.2787  0.2787  0.2787  0.2787  0.2787  0.2787 

Simulated:
   Min. 1st Qu.  Median    Mean 3rd Qu.    Max. 
 0.2956  0.3990  0.4410  0.4513  0.5095  0.6161 

Walktrap community comembership prediction

  ROC model ROC random
1  0.713759  0.5105785

Modularity (edge betweenness)

Observed:
   Min. 1st Qu.  Median    Mean 3rd Qu.    Max. 
 0.2814  0.2814  0.2814  0.2814  0.2814  0.2814 

Simulated:
   Min. 1st Qu.  Median    Mean 3rd Qu.    Max. 
 0.2919  0.3650  0.4581  0.4518  0.5238  0.6193 