> gof.mod2g

Edge-wise shared partners

   obs  sim: mean median min max    Pr(>z)    
0    0 617.853333    623 424 812 5.354e-10 ***
1    0 192.353333    180  28 450  0.053259 .  
2    0  99.083333     82   6 266  0.319437    
3   34  68.466667     32   6 210  0.729095    
4    0  55.050000     22   0 170  0.580156    
5   36  44.736667     18   0 160  0.930045    
6  108  35.400000     12   0 134  0.465694    
7   76  28.476667      8   0 134  0.632987    
8  180  21.990000      2   0 152  0.112349    
9  506  16.423333      2   0 132 8.681e-07 ***
10   2  10.626667      0   0  94  0.930924    
11 296   7.060000      0   0  92  0.003692 ** 
12   2   6.223333      0   0  92  0.966150    
13 178   4.750000      0   0 126  0.081708 .  
14   0   3.206667      0   0  84  0.974295    
15 248   1.883333      0   0  24  0.013397 *  
16 302   1.336667      0   0  10  0.002518 ** 
17   0   0.890000      0   0  10  0.992865    
18  26   0.543333      0   0   8  0.798109    
19   4   0.250000      0   0   4  0.969942    
20   0   0.266667      0   0   6  0.997862    
21   0   0.096667      0   0   4  0.999225    
22   0   0.056667      0   0   6  0.999546    
23   4   0.016667      0   0   6  0.968073    
24   0   0.000000      0   0   0  1.000000    
25   4   0.000000      0   0   0  0.967939    
26   2   0.000000      0   0   0  0.983966    
27 800   0.000000      0   0   0 9.087e-16 ***
28   4   0.000000      0   0   0  0.967939    
29   2   0.000000      0   0   0  0.983966    
30   0   0.000000      0   0   0  1.000000    
31   0   0.000000      0   0   0  1.000000    
32   2   0.000000      0   0   0  0.983966    
33   2   0.000000      0   0   0  0.983966    
34   0   0.000000      0   0   0  1.000000    
35   0   0.000000      0   0   0  1.000000    
36   0   0.000000      0   0   0  1.000000    
37   0   0.000000      0   0   0  1.000000    
38   0   0.000000      0   0   0  1.000000    
39   0   0.000000      0   0   0  1.000000    
40  12   0.000000      0   0   0  0.904024    
41   0   0.000000      0   0   0  1.000000    

Note: Small p-values indicate a significant difference 
      between simulations and observed network(s).

Dyad-wise shared partners

      obs  sim: mean median    min    max Pr(>z)
0  253490 2.4785e+05 256185 205350 264500 0.8828
1    6640 1.6320e+04   9020    946  56158 0.8003
2    1052 8.8057e+02    451    100   2762 0.9964
3     960 2.6117e+02     84     38    800 0.9854
4     708 1.4042e+02     44      2    438 0.9882
5      40 9.0697e+01     26      0    294 0.9989
6     198 6.1130e+01     16      0    216 0.9971
7      76 4.3820e+01     12      0    180 0.9993
8     180 2.9267e+01      4      0    170 0.9969
9     506 2.0283e+01      2      0    142 0.9899
10      2 1.2287e+01      0      0     98 0.9998
11    296 7.9400e+00      0      0    100 0.9940
12      2 6.9133e+00      0      0     94 0.9999
13    178 5.0633e+00      0      0    130 0.9964
14      0 3.3500e+00      0      0     90 0.9999
15    248 1.9033e+00      0      0     24 0.9949
16    302 1.3367e+00      0      0     10 0.9937
17      0 8.9000e-01      0      0     10 1.0000
18     26 5.5333e-01      0      0      8 0.9995
19      4 2.7667e-01      0      0      6 0.9999
20      0 2.7667e-01      0      0      6 1.0000
21      0 9.6667e-02      0      0      4 1.0000
22      0 5.6667e-02      0      0      6 1.0000
23      4 1.6667e-02      0      0      6 0.9999
24      0 0.0000e+00      0      0      0 1.0000
25      4 0.0000e+00      0      0      0 0.9999
26      2 0.0000e+00      0      0      0 1.0000
27    800 0.0000e+00      0      0      0 0.9833
28      4 0.0000e+00      0      0      0 0.9999
29      2 0.0000e+00      0      0      0 1.0000
30      0 0.0000e+00      0      0      0 1.0000
31      0 0.0000e+00      0      0      0 1.0000
32      2 0.0000e+00      0      0      0 1.0000
33      2 0.0000e+00      0      0      0 1.0000
34      0 0.0000e+00      0      0      0 1.0000
35      0 0.0000e+00      0      0      0 1.0000
36      0 0.0000e+00      0      0      0 1.0000
37      0 0.0000e+00      0      0      0 1.0000
38      0 0.0000e+00      0      0      0 1.0000
39      0 0.0000e+00      0      0      0 1.0000
40     12 0.0000e+00      0      0      0 0.9997
41      0 0.0000e+00      0      0      0 1.0000

Note: Small p-values indicate a significant difference 
      between simulations and observed network(s).

Geodesic distances

       obs  sim: mean median   min    max  Pr(>z)   
1     2830 1.2170e+03   1044   640   1978 0.95505   
2     9420 1.7289e+04   9219  1088  59160 0.78335   
3     4664 2.5744e+04  20243  1432  71256 0.46137   
4     1968 1.8786e+04  22762  1636  38368 0.55676   
5        0 1.1062e+04  10938  1626  24758 0.69909   
6        0 6.3155e+03   5139  1008  16202 0.82534   
7        0 3.7769e+03   3997    62   9792 0.89500   
8        0 2.4416e+03   2538     0   7230 0.93201   
9        0 1.6950e+03   1153     0   7038 0.95277   
10       0 1.2336e+03    414     0   6240 0.96562   
11       0 9.1735e+02    117     0   5078 0.97443   
12       0 6.8078e+02     28     0   4064 0.98102   
13       0 5.0231e+02      4     0   3496 0.98600   
14       0 3.6576e+02      0     0   3226 0.98980   
15       0 2.6032e+02      0     0   3060 0.99274   
16       0 1.8232e+02      0     0   2758 0.99492   
17       0 1.2599e+02      0     0   2382 0.99649   
18       0 8.5170e+01      0     0   2066 0.99763   
19       0 5.7307e+01      0     0   1632 0.99840   
20       0 3.9063e+01      0     0   1340 0.99891   
21       0 2.6483e+01      0     0   1146 0.99926   
22       0 1.8170e+01      0     0   1138 0.99949   
23       0 1.2347e+01      0     0   1008 0.99966   
24       0 8.2167e+00      0     0    850 0.99977   
25       0 5.3833e+00      0     0    768 0.99985   
26       0 3.5867e+00      0     0    606 0.99990   
27       0 2.3667e+00      0     0    466 0.99993   
28       0 1.6233e+00      0     0    352 0.99995   
29       0 1.2200e+00      0     0    342 0.99997   
30       0 8.6000e-01      0     0    296 0.99998   
31       0 5.5667e-01      0     0    214 0.99998   
32       0 2.5000e-01      0     0    108 0.99999   
33       0 1.0333e-01      0     0     52 1.00000   
34       0 5.3333e-02      0     0     32 1.00000   
35       0 2.6667e-02      0     0     16 1.00000   
36       0 0.0000e+00      0     0      0 1.00000   
Inf 246858 1.7288e+05 172342 91420 251118 0.00974 **

Note: Small p-values indicate a significant difference 
      between simulations and observed network(s).

Degree

    obs  sim: mean median min max    Pr(>z)    
0   329 1.5758e+02  160.0  82 234 < 2.2e-16 ***
1     0 1.4026e+02  139.0 100 177 < 2.2e-16 ***
2     0 8.1635e+01   82.0  47 108 5.009e-08 ***
3     0 4.3962e+01   44.0  20  67  0.003331 ** 
4     7 2.4872e+01   25.5   4  51  0.232737    
5     0 1.5665e+01   16.0   1  38  0.295564    
6     4 1.0938e+01   12.0   0  28  0.643156    
7    12 8.3367e+00    8.0   0  22  0.806758    
8    10 6.4800e+00    6.0   0  21  0.814178    
9    18 5.5600e+00    4.0   0  23  0.406171    
10   42 4.5050e+00    3.0   0  18  0.012292 *  
11    0 3.4067e+00    2.0   0  16  0.820057    
12   17 2.4383e+00    1.0   0  15  0.330891    
13    0 1.7133e+00    1.0   0  11  0.908918    
14   10 1.4333e+00    1.0   0  11  0.567309    
15    0 1.0683e+00    1.0   0   9  0.943131    
16   10 8.5000e-01    0.0   0  11  0.541220    
17   15 6.3333e-01    0.0   0   5  0.337408    
18    0 6.2000e-01    0.0   0   4  0.966978    
19    3 4.3833e-01    0.0   0   4  0.864185    
20    1 3.0833e-01    0.0   0   4  0.963163    
21    0 3.0000e-01    0.0   0   4  0.984018    
22    1 2.7333e-01    0.0   0   4  0.961301    
23    0 2.9167e-01    0.0   0   3  0.984462    
24    1 3.4167e-01    0.0   0   4  0.964937    
25    0 2.8500e-01    0.0   0   3  0.984817    
26    1 2.4667e-01    0.0   0   4  0.959882    
27    1 2.4000e-01    0.0   0   3  0.959527    
28   25 1.8500e-01    0.0   0   2  0.097527 .  
29    1 1.5500e-01    0.0   0   3  0.955005    
30    1 1.0500e-01    0.0   0   2  0.952346    
31    0 8.0000e-02    0.0   0   2  0.995738    
32    0 3.5000e-02    0.0   0   2  0.998135    
33    1 2.5000e-02    0.0   0   2  0.948092    
34    1 1.5000e-02    0.0   0   1  0.947560    
35    0 1.0000e-02    0.0   0   1  0.999467    
36    0 2.1667e-02    0.0   0   1  0.998846    
37    0 1.6667e-03    0.0   0   1  0.999911    
38    0 0.0000e+00    0.0   0   0  1.000000    
39    0 6.6667e-03    0.0   0   1  0.999645    
40    0 1.6667e-03    0.0   0   1  0.999911    
41    2 3.3333e-03    0.0   0   1  0.893938    
42    0 1.6667e-03    0.0   0   1  0.999911    
43    0 1.6667e-03    0.0   0   1  0.999911    
44    0 0.0000e+00    0.0   0   0  1.000000    
45    1 0.0000e+00    0.0   0   0  0.946763    
46    0 0.0000e+00    0.0   0   0  1.000000    
47    0 0.0000e+00    0.0   0   0  1.000000    
48    0 0.0000e+00    0.0   0   0  1.000000    
49    0 0.0000e+00    0.0   0   0  1.000000    
50    0 0.0000e+00    0.0   0   0  1.000000    
51    0 0.0000e+00    0.0   0   0  1.000000    
52    1 0.0000e+00    0.0   0   0  0.946763    
53    0 0.0000e+00    0.0   0   0  1.000000    
54    0 0.0000e+00    0.0   0   0  1.000000    
55    0 0.0000e+00    0.0   0   0  1.000000    
56    0 0.0000e+00    0.0   0   0  1.000000    
57    0 0.0000e+00    0.0   0   0  1.000000    
58    0 0.0000e+00    0.0   0   0  1.000000    
59    0 0.0000e+00    0.0   0   0  1.000000    
60    0 0.0000e+00    0.0   0   0  1.000000    
61    0 0.0000e+00    0.0   0   0  1.000000    
62    0 0.0000e+00    0.0   0   0  1.000000    
63    0 0.0000e+00    0.0   0   0  1.000000    
64    0 0.0000e+00    0.0   0   0  1.000000    
65    0 0.0000e+00    0.0   0   0  1.000000    
66    0 0.0000e+00    0.0   0   0  1.000000    
67    0 0.0000e+00    0.0   0   0  1.000000    
68    0 0.0000e+00    0.0   0   0  1.000000    
69    0 0.0000e+00    0.0   0   0  1.000000    
70    0 0.0000e+00    0.0   0   0  1.000000    
71    0 0.0000e+00    0.0   0   0  1.000000    
72    0 0.0000e+00    0.0   0   0  1.000000    
73    0 1.6667e-03    0.0   0   1  0.999911    
74    0 1.6667e-03    0.0   0   1  0.999911    
75    0 0.0000e+00    0.0   0   0  1.000000    
76    0 5.0000e-03    0.0   0   1  0.999734    
77    0 3.3333e-03    0.0   0   1  0.999822    
78    0 1.1667e-02    0.0   0   1  0.999378    
79    0 1.3333e-02    0.0   0   1  0.999290    
80    0 1.6667e-02    0.0   0   1  0.999112    
81    0 1.8333e-02    0.0   0   1  0.999023    
82    0 4.1667e-02    0.0   0   1  0.997780    
83    0 3.1667e-02    0.0   0   1  0.998313    
84    0 2.5000e-02    0.0   0   1  0.998668    
85    0 3.1667e-02    0.0   0   1  0.998313    
86    0 2.5000e-02    0.0   0   1  0.998668    
87    0 1.3333e-02    0.0   0   1  0.999290    
88    0 2.0000e-02    0.0   0   1  0.998934    
89    0 1.0000e-02    0.0   0   1  0.999467    
90    0 1.3333e-02    0.0   0   1  0.999290    
91    0 5.0000e-03    0.0   0   1  0.999734    
92    1 1.8333e-02    0.0   0   1  0.947737    
93    0 8.3333e-03    0.0   0   1  0.999556    
94    0 5.0000e-03    0.0   0   1  0.999734    
95    0 1.0000e-02    0.0   0   1  0.999467    
96    0 3.3333e-03    0.0   0   1  0.999822    
97    0 0.0000e+00    0.0   0   0  1.000000    
98    0 0.0000e+00    0.0   0   0  1.000000    
99    0 0.0000e+00    0.0   0   0  1.000000    
100   0 1.6667e-03    0.0   0   1  0.999911    
101   0 0.0000e+00    0.0   0   0  1.000000    
102   0 0.0000e+00    0.0   0   0  1.000000    
103   0 1.6667e-03    0.0   0   1  0.999911    
104   0 3.3333e-03    0.0   0   1  0.999822    
105   0 1.6667e-03    0.0   0   1  0.999911    
106   0 6.6667e-03    0.0   0   1  0.999645    
107   0 1.6667e-03    0.0   0   1  0.999911    
108   0 6.6667e-03    0.0   0   1  0.999645    
109   0 0.0000e+00    0.0   0   0  1.000000    
110   0 1.6667e-03    0.0   0   1  0.999911    
111   0 1.6667e-03    0.0   0   1  0.999911    
112   0 0.0000e+00    0.0   0   0  1.000000    
113   0 1.6667e-03    0.0   0   1  0.999911    
114   0 0.0000e+00    0.0   0   0  1.000000    
115   0 1.6667e-03    0.0   0   1  0.999911    
116   0 0.0000e+00    0.0   0   0  1.000000    
117   0 1.6667e-03    0.0   0   1  0.999911    
118   0 0.0000e+00    0.0   0   0  1.000000    
119   0 0.0000e+00    0.0   0   0  1.000000    
120   0 1.6667e-03    0.0   0   1  0.999911    
121   0 0.0000e+00    0.0   0   0  1.000000    
122   0 1.6667e-03    0.0   0   1  0.999911    
123   0 3.3333e-03    0.0   0   1  0.999822    
124   0 3.3333e-03    0.0   0   1  0.999822    
125   0 3.3333e-03    0.0   0   1  0.999822    
126   0 0.0000e+00    0.0   0   0  1.000000    
127   0 0.0000e+00    0.0   0   0  1.000000    
128   0 0.0000e+00    0.0   0   0  1.000000    
129   0 0.0000e+00    0.0   0   0  1.000000    
130   0 1.6667e-03    0.0   0   1  0.999911    
131   0 0.0000e+00    0.0   0   0  1.000000    
132   0 1.6667e-03    0.0   0   1  0.999911    
133   0 0.0000e+00    0.0   0   0  1.000000    
134   0 1.6667e-03    0.0   0   1  0.999911    
135   0 1.6667e-03    0.0   0   1  0.999911    
136   0 1.6667e-03    0.0   0   1  0.999911    
137   0 1.6667e-03    0.0   0   1  0.999911    
138   0 0.0000e+00    0.0   0   0  1.000000    
139   0 5.0000e-03    0.0   0   1  0.999734    
140   0 1.6667e-03    0.0   0   1  0.999911    
141   0 0.0000e+00    0.0   0   0  1.000000    
 [ reached getOption("max.print") -- omitted 96 rows ]

Note: Small p-values indicate a significant difference 
      between simulations and observed network(s).

Triad census

       obs  sim: mean     median      min      max Pr(>z)
0 22060137 22462641.8 22501915.5 22277181 22601586 0.9713
1   690001   292428.5   258061.0   162583   475038 0.9716
2     7457     9618.2     4940.5      671    32188 0.9998
3        0        0.0        0.0        0        0 1.0000

Note: Small p-values indicate a significant difference 
      between simulations and observed network(s).



  ROC model ROC random  PR model  PR random
1 0.8336349  0.5043827 0.1063772 0.01091449

Modularity (walktrap)

Observed:
   Min. 1st Qu.  Median    Mean 3rd Qu.    Max. 
 0.6947  0.6947  0.6947  0.6947  0.6947  0.6947 

Simulated:
   Min. 1st Qu.  Median    Mean 3rd Qu.    Max. 
 0.5245  0.6213  0.6699  0.6869  0.7779  0.8518 

Walktrap community comembership prediction

  ROC model ROC random
1 0.7207735  0.4911316

Modularity (edge betweenness)

Observed:
   Min. 1st Qu.  Median    Mean 3rd Qu.    Max. 
   0.68    0.68    0.68    0.68    0.68    0.68 

Simulated:
   Min. 1st Qu.  Median    Mean 3rd Qu.    Max. 
 0.5831  0.6497  0.7127  0.7261  0.8291  0.8749 