> diag.model3

Dyad-wise shared partners

     obs sim: mean median  min  max    Pr(>z)    
0  10878   6328.32   6043 4328 9004 0.0006734 ***
1   8466   9242.16   9325 8158 9956 0.5618737    
2   4896   6276.08   6396 4476 7472 0.3023541    
3   1100   2846.84   2848 2244 3662 0.1917243    
4    886   1376.58   1358 1004 1788 0.7138925    
5    340    720.80    719  534  974 0.7759585    
6    300    412.94    399  310  530 0.9327342    
7    238    267.22    271  150  364 0.9825776    
8    138    214.12    222  106  302 0.9546344    
9    170    181.64    184  114  244 0.9930592    
10    48    165.86    164   88  222 0.9298113    
11    72    156.02    157  104  204 0.9499321    
12    80    157.22    154   94  216 0.9539795    
13    82    159.38    158  110  212 0.9538843    
14   496    154.50    153  112  228 0.7985540    
15     8    140.00    139   74  212 0.9214164    
16    16    102.62    100   54  176 0.9483849    
17   156     68.32     68   36  114 0.9477541    
18    12     45.44     44   18   76 0.9800619    
19   462     43.00     41   12   86 0.7541756    
20    26     59.52     56   20  114 0.9800142    
21    38     87.58     90   16  148 0.9704424    
22     4    115.96    118   30  192 0.9333165    
23     2    135.50    140   66  218 0.9205263    
24    14    129.18    123   72  228 0.9314033    
25    40     89.86     88   30  224 0.9702755    
26   758     44.06     37   10  136 0.5936455    
27     2     16.46     14    0   40 0.9913777    
28     2      5.48      4    0   22 0.9979249    
29     2      2.64      2    0   10 0.9996184    
30     2      1.24      0    0    6 0.9995468    
31     2      0.66      0    0    6 0.9992010    
32     0      0.48      0    0    4 0.9997138    
33     0      0.40      0    0    4 0.9997615    
34     2      0.36      0    0    4 0.9990221    
35     0      0.46      0    0    4 0.9997257    
36     2      0.50      0    0    4 0.9991056    
37     0      0.32      0    0    4 0.9998092    
38     2      0.24      0    0    2 0.9989505    
39     0      0.14      0    0    2 0.9999165    
40     4      0.18      0    0    2 0.9977222    
41     0      0.26      0    0    4 0.9998450    
42     8      0.10      0    0    2 0.9952893    
43     0      0.16      0    0    2 0.9999046    
44     0      0.24      0    0    2 0.9998569    
45     0      0.34      0    0    2 0.9997973    
46     0      0.18      0    0    4 0.9998927    
47     0      0.26      0    0    2 0.9998450    
48     0      0.30      0    0    4 0.9998211    
49     0      0.32      0    0    4 0.9998092    
50     0      0.30      0    0    4 0.9998211    
51     0      0.44      0    0    4 0.9997376    
52     0      0.34      0    0    4 0.9997973    
53     0      0.22      0    0    2 0.9998688    
54     2      0.16      0    0    4 0.9989028    
55     0      0.02      0    0    2 0.9999881    
56     0      0.06      0    0    2 0.9999642    
57     0      0.06      0    0    2 0.9999642    
58     0      0.00      0    0    0 1.0000000    
59     0      0.02      0    0    2 0.9999881    
60     0      0.02      0    0    2 0.9999881    
61     0      0.04      0    0    2 0.9999761    
62     0      0.04      0    0    2 0.9999761    
63     0      0.02      0    0    2 0.9999881    
64     0      0.08      0    0    2 0.9999523    
65     0      0.10      0    0    2 0.9999404    
66     0      0.08      0    0    2 0.9999523    
67     0      0.10      0    0    2 0.9999404    
68     0      0.00      0    0    0 1.0000000    
69     0      0.02      0    0    2 0.9999881    
70     0      0.02      0    0    2 0.9999881    
71     0      0.06      0    0    2 0.9999642    
72     0      0.06      0    0    2 0.9999642    
73     0      0.00      0    0    0 1.0000000    
74     0      0.04      0    0    2 0.9999761    
75     0      0.04      0    0    2 0.9999761    
76     0      0.02      0    0    2 0.9999881    
77     0      0.04      0    0    2 0.9999761    
78     0      0.00      0    0    0 1.0000000    
79     0      0.10      0    0    2 0.9999404    
80     0      0.02      0    0    2 0.9999881    
81     0      0.02      0    0    2 0.9999881    
82     0      0.04      0    0    2 0.9999761    
83     0      0.02      0    0    2 0.9999881    
84     0      0.12      0    0    2 0.9999284    
85     0      0.26      0    0    2 0.9998450    
86     0      0.18      0    0    2 0.9998927    
87     0      0.14      0    0    2 0.9999165    
88     0      0.10      0    0    2 0.9999404    
89     0      0.08      0    0    2 0.9999523    
90     0      0.02      0    0    2 0.9999881    
91     0      0.04      0    0    2 0.9999761    
92     0      0.02      0    0    2 0.9999881    
93     0      0.00      0    0    0 1.0000000    

Note: Small p-values indicate a significant difference 
      between simulations and observed network(s).

Edge-wise shared partners

   obs sim: mean median min max    Pr(>z)    
0    0     55.52     56  24  82 0.3037477    
1    4    146.72    146 112 186 0.0082009 ** 
2   18    205.36    205 166 248 0.0005193 ***
3   32    200.70    200 154 254 0.0017785 ** 
4   60    177.36    179 132 228 0.0297105 *  
5  138    142.76    142 106 186 0.9297397    
6  152    119.90    118  74 166 0.5521060    
7  144    105.60    110  46 156 0.4768947    
8   30    107.86    112  48 152 0.1492328    
9  144    107.88    110  50 146 0.5034495    
10  18    105.76    104  48 160 0.1040283    
11  70    103.94    102  64 156 0.5295516    
12  78    112.36    108  72 182 0.5244698    
13  62    121.06    120  88 162 0.2739536    
14 490    125.66    122  86 190 1.490e-11 ***
15   8    120.22    120  50 184 0.0376433 *  
16  16     90.06     88  34 166 0.1701079    
17 154     60.54     59  30 100 0.0834135 .  
18  12     37.20     36  14  68 0.6406469    
19 462     35.06     34  10  76 2.606e-15 ***
20  26     52.14     50  14 102 0.6282392    
21  38     79.56     84  12 132 0.4413946    
22   4    107.02    108  28 186 0.0563524 .  
23   2    125.90    134  58 208 0.0217290 *  
24  14    122.66    116  66 226 0.0441385 *  
25  40     85.80     84  26 222 0.3962262    
26 758     42.06     34  10 132 < 2.2e-16 ***
27   2     15.68     14   0  40 0.7999570    
28   2      5.20      4   0  22 0.9527327    
29   2      2.46      2   0  10 0.9932014    
30   2      1.24      0   0   6 0.9887678    
31   2      0.66      0   0   6 0.9801973    
32   0      0.48      0   0   4 0.9929058    
33   0      0.40      0   0   4 0.9940882    
34   2      0.36      0   0   4 0.9757650    
35   0      0.46      0   0   4 0.9932014    
36   2      0.50      0   0   4 0.9778333    
37   0      0.32      0   0   4 0.9952705    
38   2      0.24      0   0   2 0.9739924    
39   0      0.14      0   0   2 0.9979308    
40   4      0.18      0   0   2 0.9435887    
41   0      0.26      0   0   4 0.9961573    
42   8      0.10      0   0   2 0.8836559    
43   0      0.16      0   0   2 0.9976353    
44   0      0.24      0   0   2 0.9964529    
45   0      0.34      0   0   2 0.9949749    
46   0      0.18      0   0   4 0.9973397    
47   0      0.26      0   0   2 0.9961573    
48   0      0.30      0   0   4 0.9955661    
49   0      0.32      0   0   4 0.9952705    
50   0      0.30      0   0   4 0.9955661    
51   0      0.44      0   0   4 0.9934970    
52   0      0.34      0   0   4 0.9949749    
53   0      0.22      0   0   2 0.9967485    
54   2      0.16      0   0   4 0.9728106    
55   0      0.02      0   0   2 0.9997044    
56   0      0.06      0   0   2 0.9991132    
57   0      0.06      0   0   2 0.9991132    
58   0      0.00      0   0   0 1.0000000    
59   0      0.02      0   0   2 0.9997044    
60   0      0.02      0   0   2 0.9997044    
61   0      0.04      0   0   2 0.9994088    
62   0      0.04      0   0   2 0.9994088    
63   0      0.02      0   0   2 0.9997044    
64   0      0.08      0   0   2 0.9988176    
65   0      0.10      0   0   2 0.9985220    
66   0      0.08      0   0   2 0.9988176    
67   0      0.10      0   0   2 0.9985220    
68   0      0.00      0   0   0 1.0000000    
69   0      0.02      0   0   2 0.9997044    
70   0      0.02      0   0   2 0.9997044    
71   0      0.06      0   0   2 0.9991132    
72   0      0.06      0   0   2 0.9991132    
73   0      0.00      0   0   0 1.0000000    
74   0      0.04      0   0   2 0.9994088    
75   0      0.04      0   0   2 0.9994088    
76   0      0.02      0   0   2 0.9997044    
77   0      0.04      0   0   2 0.9994088    
78   0      0.00      0   0   0 1.0000000    
79   0      0.10      0   0   2 0.9985220    
80   0      0.02      0   0   2 0.9997044    
81   0      0.02      0   0   2 0.9997044    
82   0      0.04      0   0   2 0.9994088    
83   0      0.02      0   0   2 0.9997044    
84   0      0.12      0   0   2 0.9982264    
85   0      0.26      0   0   2 0.9961573    
86   0      0.18      0   0   2 0.9973397    
87   0      0.14      0   0   2 0.9979308    
88   0      0.10      0   0   2 0.9985220    
89   0      0.08      0   0   2 0.9988176    
90   0      0.02      0   0   2 0.9997044    
91   0      0.04      0   0   2 0.9994088    
92   0      0.02      0   0   2 0.9997044    
93   0      0.00      0   0   0 1.0000000    

Note: Small p-values indicate a significant difference 
      between simulations and observed network(s).

Degree

    obs sim: mean median min max    Pr(>z)    
0     0      0.06    0.0   0   1  0.981689    
1     0      0.20    0.0   0   2  0.939016    
2     1      0.82    1.0   0   3  0.945104    
3     4      1.93    2.0   0   6  0.428450    
4     4      3.93    4.0   1   9  0.978637    
5     7      4.93    5.0   0  12  0.428450    
6    16      7.40    8.0   2  12  0.001003 ** 
7    12      8.33    8.0   1  15  0.160348    
8     6      9.09    9.0   2  19  0.237193    
9     2     10.01   10.0   2  16  0.002183 ** 
10    9      9.52    9.0   2  18  0.842327    
11    0      8.41    8.0   2  17  0.001295 ** 
12    4      7.53    7.0   1  16  0.176905    
13    4      7.70    8.0   2  15  0.156958    
14    1      7.81    8.0   2  16  0.009186 ** 
15   28      8.31    8.0   3  17 4.993e-14 ***
16    0      8.39    8.0   2  18  0.001330 ** 
17    1      7.06    7.0   2  13  0.020441 *  
18    4      6.10    6.0   0  14  0.421789    
19    1      5.32    5.0   1  11  0.098423 .  
20   19      4.57    5.0   0   9 3.391e-08 ***
21    2      3.54    3.0   0   7  0.555792    
22    5      3.59    4.0   0   8  0.589629    
23    0      2.61    2.5   0   7  0.318078    
24    0      2.88    3.0   0   7  0.270593    
25    1      2.98    3.0   0   7  0.448799    
26    5      3.51    3.0   0   9  0.568694    
27   27      4.28    4.0   0  10 < 2.2e-16 ***
28    0      4.48    4.0   0   9  0.086574 .  
29    1      4.40    4.0   0  10  0.193390    
30    0      3.69    4.0   0   7  0.158082    
31    0      2.28    2.0   0   5  0.383111    
32    1      1.37    1.0   0   4  0.887445    
33    0      0.85    1.0   0   3  0.745064    
34    0      0.37    0.0   0   2  0.887445    
35    1      0.28    0.0   0   2  0.782990    
36    0      0.16    0.0   0   2  0.951196    
37    0      0.15    0.0   0   2  0.954242    
38    0      0.07    0.0   0   1  0.978637    
39    0      0.12    0.0   0   1  0.963387    
40    0      0.09    0.0   0   1  0.972536    
41    0      0.07    0.0   0   1  0.978637    
42    0      0.09    0.0   0   1  0.972536    
43    1      0.13    0.0   0   2  0.739282    
44    0      0.11    0.0   0   1  0.966436    
45    0      0.10    0.0   0   1  0.969486    
46    1      0.12    0.0   0   1  0.736396    
47    1      0.10    0.0   0   1  0.730635    
48    0      0.04    0.0   0   1  0.987792    
49    0      0.03    0.0   0   1  0.990844    
50    0      0.04    0.0   0   1  0.987792    
51    0      0.01    0.0   0   1  0.996948    
52    0      0.00    0.0   0   0  1.000000    
53    0      0.03    0.0   0   1  0.990844    
54    0      0.01    0.0   0   1  0.996948    
55    0      0.00    0.0   0   0  1.000000    
56    0      0.00    0.0   0   0  1.000000    
57    0      0.00    0.0   0   0  1.000000    
58    0      0.03    0.0   0   1  0.990844    
59    0      0.02    0.0   0   1  0.993896    
60    0      0.01    0.0   0   1  0.996948    
61    1      0.05    0.0   0   1  0.716300    
62    0      0.07    0.0   0   1  0.978637    
63    0      0.06    0.0   0   1  0.981689    
64    0      0.05    0.0   0   1  0.984740    
65    0      0.03    0.0   0   1  0.990844    
66    0      0.05    0.0   0   1  0.984740    
67    0      0.11    0.0   0   1  0.966436    
68    0      0.17    0.0   0   1  0.948149    
69    1      0.07    0.0   0   1  0.722023    
70    0      0.08    0.0   0   1  0.975586    
71    0      0.08    0.0   0   1  0.975586    
72    0      0.01    0.0   0   1  0.996948    
73    0      0.06    0.0   0   1  0.981689    
74    0      0.02    0.0   0   1  0.993896    
75    0      0.02    0.0   0   1  0.993896    
76    0      0.00    0.0   0   0  1.000000    
77    0      0.00    0.0   0   0  1.000000    
78    0      0.00    0.0   0   0  1.000000    
79    0      0.00    0.0   0   0  1.000000    
80    0      0.01    0.0   0   1  0.996948    
81    0      0.00    0.0   0   0  1.000000    
82    0      0.00    0.0   0   0  1.000000    
83    0      0.00    0.0   0   0  1.000000    
84    1      0.00    0.0   0   0  0.702065    
85    0      0.00    0.0   0   0  1.000000    
86    0      0.00    0.0   0   0  1.000000    
87    0      0.00    0.0   0   0  1.000000    
88    0      0.00    0.0   0   0  1.000000    
89    0      0.00    0.0   0   0  1.000000    
90    0      0.00    0.0   0   0  1.000000    
91    0      0.00    0.0   0   0  1.000000    
92    0      0.00    0.0   0   0  1.000000    
93    0      0.02    0.0   0   1  0.993896    
94    0      0.00    0.0   0   0  1.000000    
95    0      0.00    0.0   0   0  1.000000    
96    0      0.01    0.0   0   1  0.996948    
97    0      0.00    0.0   0   0  1.000000    
98    0      0.01    0.0   0   1  0.996948    
99    1      0.02    0.0   0   1  0.707747    
100   0      0.02    0.0   0   1  0.993896    
101   0      0.04    0.0   0   1  0.987792    
102   0      0.04    0.0   0   1  0.987792    
103   0      0.06    0.0   0   1  0.981689    
104   0      0.09    0.0   0   2  0.972536    
105   0      0.09    0.0   0   2  0.972536    
106   0      0.06    0.0   0   1  0.981689    
107   0      0.10    0.0   0   1  0.969486    
108   0      0.06    0.0   0   1  0.981689    
109   0      0.01    0.0   0   1  0.996948    
110   0      0.04    0.0   0   1  0.987792    
111   0      0.06    0.0   0   1  0.981689    
112   0      0.05    0.0   0   1  0.984740    
113   0      0.06    0.0   0   1  0.981689    
114   0      0.08    0.0   0   1  0.975586    
115   0      0.09    0.0   0   1  0.972536    
116   0      0.14    0.0   0   1  0.957290    
117   0      0.17    0.0   0   2  0.948149    
118   0      0.18    0.0   0   2  0.945104    
119   0      0.07    0.0   0   1  0.978637    
120   0      0.08    0.0   0   1  0.975586    
121   0      0.08    0.0   0   2  0.975586    
122   0      0.06    0.0   0   1  0.981689    
123   0      0.08    0.0   0   2  0.975586    
124   0      0.02    0.0   0   1  0.993896    
125   0      0.06    0.0   0   1  0.981689    
126   0      0.04    0.0   0   1  0.987792    
127   0      0.01    0.0   0   1  0.996948    
128   0      0.00    0.0   0   0  1.000000    

Note: Small p-values indicate a significant difference 
      between simulations and observed network(s).

Indegree

    obs sim: mean median min max    Pr(>z)    
0     0      0.06    0.0   0   1  0.981689    
1     0      0.20    0.0   0   2  0.939016    
2     1      0.82    1.0   0   3  0.945104    
3     4      1.93    2.0   0   6  0.428450    
4     4      3.93    4.0   1   9  0.978637    
5     7      4.93    5.0   0  12  0.428450    
6    16      7.40    8.0   2  12  0.001003 ** 
7    12      8.33    8.0   1  15  0.160348    
8     6      9.09    9.0   2  19  0.237193    
9     2     10.01   10.0   2  16  0.002183 ** 
10    9      9.52    9.0   2  18  0.842327    
11    0      8.41    8.0   2  17  0.001295 ** 
12    4      7.53    7.0   1  16  0.176905    
13    4      7.70    8.0   2  15  0.156958    
14    1      7.81    8.0   2  16  0.009186 ** 
15   28      8.31    8.0   3  17 4.993e-14 ***
16    0      8.39    8.0   2  18  0.001330 ** 
17    1      7.06    7.0   2  13  0.020441 *  
18    4      6.10    6.0   0  14  0.421789    
19    1      5.32    5.0   1  11  0.098423 .  
20   19      4.57    5.0   0   9 3.391e-08 ***
21    2      3.54    3.0   0   7  0.555792    
22    5      3.59    4.0   0   8  0.589629    
23    0      2.61    2.5   0   7  0.318078    
24    0      2.88    3.0   0   7  0.270593    
25    1      2.98    3.0   0   7  0.448799    
26    5      3.51    3.0   0   9  0.568694    
27   27      4.28    4.0   0  10 < 2.2e-16 ***
28    0      4.48    4.0   0   9  0.086574 .  
29    1      4.40    4.0   0  10  0.193390    
30    0      3.69    4.0   0   7  0.158082    
31    0      2.28    2.0   0   5  0.383111    
32    1      1.37    1.0   0   4  0.887445    
33    0      0.85    1.0   0   3  0.745064    
34    0      0.37    0.0   0   2  0.887445    
35    1      0.28    0.0   0   2  0.782990    
36    0      0.16    0.0   0   2  0.951196    
37    0      0.15    0.0   0   2  0.954242    
38    0      0.07    0.0   0   1  0.978637    
39    0      0.12    0.0   0   1  0.963387    
40    0      0.09    0.0   0   1  0.972536    
41    0      0.07    0.0   0   1  0.978637    
42    0      0.09    0.0   0   1  0.972536    
43    1      0.13    0.0   0   2  0.739282    
44    0      0.11    0.0   0   1  0.966436    
45    0      0.10    0.0   0   1  0.969486    
46    1      0.12    0.0   0   1  0.736396    
47    1      0.10    0.0   0   1  0.730635    
48    0      0.04    0.0   0   1  0.987792    
49    0      0.03    0.0   0   1  0.990844    
50    0      0.04    0.0   0   1  0.987792    
51    0      0.01    0.0   0   1  0.996948    
52    0      0.00    0.0   0   0  1.000000    
53    0      0.03    0.0   0   1  0.990844    
54    0      0.01    0.0   0   1  0.996948    
55    0      0.00    0.0   0   0  1.000000    
56    0      0.00    0.0   0   0  1.000000    
57    0      0.00    0.0   0   0  1.000000    
58    0      0.03    0.0   0   1  0.990844    
59    0      0.02    0.0   0   1  0.993896    
60    0      0.01    0.0   0   1  0.996948    
61    1      0.05    0.0   0   1  0.716300    
62    0      0.07    0.0   0   1  0.978637    
63    0      0.06    0.0   0   1  0.981689    
64    0      0.05    0.0   0   1  0.984740    
65    0      0.03    0.0   0   1  0.990844    
66    0      0.05    0.0   0   1  0.984740    
67    0      0.11    0.0   0   1  0.966436    
68    0      0.17    0.0   0   1  0.948149    
69    1      0.07    0.0   0   1  0.722023    
70    0      0.08    0.0   0   1  0.975586    
71    0      0.08    0.0   0   1  0.975586    
72    0      0.01    0.0   0   1  0.996948    
73    0      0.06    0.0   0   1  0.981689    
74    0      0.02    0.0   0   1  0.993896    
75    0      0.02    0.0   0   1  0.993896    
76    0      0.00    0.0   0   0  1.000000    
77    0      0.00    0.0   0   0  1.000000    
78    0      0.00    0.0   0   0  1.000000    
79    0      0.00    0.0   0   0  1.000000    
80    0      0.01    0.0   0   1  0.996948    
81    0      0.00    0.0   0   0  1.000000    
82    0      0.00    0.0   0   0  1.000000    
83    0      0.00    0.0   0   0  1.000000    
84    1      0.00    0.0   0   0  0.702065    
85    0      0.00    0.0   0   0  1.000000    
86    0      0.00    0.0   0   0  1.000000    
87    0      0.00    0.0   0   0  1.000000    
88    0      0.00    0.0   0   0  1.000000    
89    0      0.00    0.0   0   0  1.000000    
90    0      0.00    0.0   0   0  1.000000    
91    0      0.00    0.0   0   0  1.000000    
92    0      0.00    0.0   0   0  1.000000    
93    0      0.02    0.0   0   1  0.993896    
94    0      0.00    0.0   0   0  1.000000    
95    0      0.00    0.0   0   0  1.000000    
96    0      0.01    0.0   0   1  0.996948    
97    0      0.00    0.0   0   0  1.000000    
98    0      0.01    0.0   0   1  0.996948    
99    1      0.02    0.0   0   1  0.707747    
100   0      0.02    0.0   0   1  0.993896    
101   0      0.04    0.0   0   1  0.987792    
102   0      0.04    0.0   0   1  0.987792    
103   0      0.06    0.0   0   1  0.981689    
104   0      0.09    0.0   0   2  0.972536    
105   0      0.09    0.0   0   2  0.972536    
106   0      0.06    0.0   0   1  0.981689    
107   0      0.10    0.0   0   1  0.969486    
108   0      0.06    0.0   0   1  0.981689    
109   0      0.01    0.0   0   1  0.996948    
110   0      0.04    0.0   0   1  0.987792    
111   0      0.06    0.0   0   1  0.981689    
112   0      0.05    0.0   0   1  0.984740    
113   0      0.06    0.0   0   1  0.981689    
114   0      0.08    0.0   0   1  0.975586    
115   0      0.09    0.0   0   1  0.972536    
116   0      0.14    0.0   0   1  0.957290    
117   0      0.17    0.0   0   2  0.948149    
118   0      0.18    0.0   0   2  0.945104    
119   0      0.07    0.0   0   1  0.978637    
120   0      0.08    0.0   0   1  0.975586    
121   0      0.08    0.0   0   2  0.975586    
122   0      0.06    0.0   0   1  0.981689    
123   0      0.08    0.0   0   2  0.975586    
124   0      0.02    0.0   0   1  0.993896    
125   0      0.06    0.0   0   1  0.981689    
126   0      0.04    0.0   0   1  0.987792    
127   0      0.01    0.0   0   1  0.996948    
128   0      0.00    0.0   0   0  1.000000    

Note: Small p-values indicate a significant difference 
      between simulations and observed network(s).

Geodesic distances

      obs sim: mean median   min   max Pr(>z)
1    3004   2930.70   2932  2850  3036 0.9923
2   15874  20552.50  20850 17848 22480 0.5354
3    5854   6117.08   5879  4220  8620 0.9722
4       0    134.74    114    24   410 0.9858
5       0      0.34      0     0    30 1.0000
6       0      0.00      0     0     0 1.0000
Inf  5024     20.64      0     0   344 0.5075

Note: Small p-values indicate a significant difference 
      between simulations and observed network(s).



  ROC model ROC random  PR model PR random
1 0.9370675  0.5084373 0.8087434 0.1026435

Modularity (walktrap)

Observed:
   Min. 1st Qu.  Median    Mean 3rd Qu.    Max. 
 0.5701  0.5701  0.5701  0.5701  0.5701  0.5701 

Simulated:
   Min. 1st Qu.  Median    Mean 3rd Qu.    Max. 
 0.5011  0.5154  0.5227  0.5267  0.5346  0.5723 